jacobi result,jacobi init error norm
35,1.0484025455631791
33,0.5252622536169925
35,0.9115415157775961
34,1.0683130176619637
35,1.1351369403383997
24,1.0146160920344907
34,0.7083040141328247
31,1.2282467444744378
24,0.407280247404686
31,0.6048400424519069
30,0.9182080424254748
30,1.2375962406894248
34,1.0493405463245666
34,0.8906512426313083
35,0.8987160034800282
32,0.6257706785464541
33,1.1463808435217882
34,1.0256544990744425
26,0.6436383492147566
27,1.1466646573205637
34,0.7542131513140866
24,1.1293151737776472
27,0.9757983757761092
35,1.2081594630816548
34,0.995980101211113
36,1.2825053575466177
33,1.4161380152567005
32,0.7929874963669337
24,1.2507149436808727
32,1.0707031242963987
32,0.5327638448126589
27,1.1280905394187262
31,0.4799265319129573
32,0.8797804302534199
21,0.6621538217625408
31,0.9641097346881211
28,0.566474762607882
33,0.8364491246719631
35,1.0603781961816259
32,1.0722363028691995
31,0.9967070866443064
25,0.6775632834434382
27,1.3716981751056456
34,0.9582793551387468
33,0.8661164954940083
32,1.5065057045240433
33,0.7349386924517473
35,1.3905543076415832
35,1.1416761149663202
31,0.49204282592686416
30,1.18577231994411
32,1.1536902284599844
19,0.4439963566266412
21,0.4964101516487194
27,1.1274922853539404
32,0.7510206883998061
31,0.5226801669148902
35,0.97667106391278
35,1.096676899243597
33,1.2757621175531748
36,1.3481173360856022
31,1.0413057409304622
34,0.8311541690001519
33,0.8320369904478502
35,0.9335728244579832
30,1.009973794502362
34,1.2464178206586405
35,0.9233840045133127
34,0.834117195494579
33,0.9760844870867292
33,0.9740668054593191
31,0.6155393428204644
32,1.378982980730493
35,0.848983098394071
31,1.4339903595243937
36,1.2325651337418033
34,1.572873052210247
33,0.9209510709700065
35,1.327567142211035
23,0.20223072564527728
32,1.0334707879226983
28,1.0147156368113106
31,0.9361507040433167
33,1.1617594640890911
29,1.0361455890866182
33,0.7500591443921898
31,1.0510802803837593
31,0.9607589353377611
35,0.9814613791399845
32,0.5922350735735871
32,0.48859068200578226
35,1.0383132050848989
31,0.5865661322819382
35,1.1866788188789075
32,0.8230304777360884
35,0.9701813215724188
33,0.9085370545508555
32,0.5515959303041316
33,0.5758675990670715
23,0.5747762107725224
